. 111 mmmmm 1111111 1111 ’ ’ 111

&a 11111111 1111 111 1111111111 Θ11111111Β111 111111111111111111111111111111111111111111111
1111111 1111111, 111 111 111111111111111111111 1111 -111111111111111111111 1111111111, 111 m

1111111. 11111111113111111111 11111 ,111111 1111111 111111 Me 11 1111111, aba, 11 111 111111 111 Μ
111 181111 1111111111 in ibren 111111 11111111 111 11 1111111, 1111111 (1111111111 1111111111 mn·
11111111 11 1111111 111 flu 1111111111 1111111 11111 1111 11111111 11 11111 1111111111 Mt, 1118111 3„ m. iq·
boten, 111111111111111111111111111111111111111. 111 1111111 11111111 111111 1111111111 11111111 m,

1111111111 11111 1111111111 gu 11111111 1111111 119911115ωᾴ1ωωῖ01115111111 ΜΨΜ·
111111 11111111 111 1111111111 1111111111 11111111 11111 111911 “hm ³¹¹ “namt “uf Μ mmm
„m ΜΝ. 111111111111111111111111111131111 1111111111· .

⁸ 1111 1111111111 (1111111 11 11111111, 1111111811

1,1111111111111111111111111 111111111111111111

111111119111111, 1111111111111111111111111, 8 W u , &4 δε ,
111111, 11 1111111111, 11111111111111111111111111. ssent bssffwtssuffgefbtn‘mnssfi‘gflggtoe ἐ &aa
1111111111111111 111 11111111 1111111111 1118111111
. 1111111111111111111111, 1111111 1111111111ῠῦ11»)
Q· · Q 111111111111111,11111111111111111111111111 111
1111111111, 111111111111111111111111

&o 11111111 111111111111111111111111111111
111111,11111111111 111 revue. 11 1 11 11 111 1111 1111
1111111111111111111111 11. 1111111111111111111111,

111 1111111111, 1111111111 111111 111 εἰ·ώῃὲαῐιῃηὶ*Ἦάξῦέἔῶὲιᾞῖηῲᾚὲἓᾞᾍῗῧίῗῖᾞ

· 11111111111111111111111111111111111οτι ωῑῧεῑξοωηῑω’ξηθῧψπωνῖωπδω ''⁸⁶⁸“ Μ’

ema em mmm 1541ο musta aad) 1111111111,1111111111111111111111111111111111

8 ssutgbi 111196.311111.(Ι11111111111ἓοά.) lid» bie-W· mimuebffmstwffl &flamm

Q Q ‚‘ υ , b ι 111111,111111131111111111.1111111 1111111111,

( 11 1111111111, 811111 11 11111111 111113111111111111111111111111 11111111, 111111

111111 11111111 111 111 1111. 11111111 111 111111111111111111 1111111111111111111611111

,111 111 (1111111111 (11Β1111)111. - 11111111 ξ11111111, 11111111111δ11111ἐ1 11111111ίε11δ1ἕι11

au uter. 11 1111111 1111111 e

’ (5111111111, 111111111111111111111111111111111 11ῑὲᾓὶ 1111111111Θΐὶἳῑὶαιξΐῑῖὲῑέἳέῑμί· · ᾖ

111. 111111111111111111111111111111111111111111611 men 11111111111111 1111111111 1111111111,

11111111111111111111111111111111111111111, 111111 1111111 1111111111, 111111 111 6111111111. 11.

111111 111 911111111111111.111911111111111, 1111111 θ1111111111111111111111111111111111, 1111111

1111111111, 111 1111111111, 1113111111111111111 111 11111111 11111111 11111111111111111. mod> 111

3111111111111111111111 11111, 1111111 1111111 111 1111111111111111 11111 811111 11111111, fo 11111111

11111111 1111111111111111111131111. 111111 11111111 1111111111, 111 1111111 1111111111 111 1111 batim

1111111, 11111111, 111 11111111111111111111111111 11111111 111, 111111 1111111111, 111 aud) 1111111 81111

31111111111111111, 111 111 11111111 111 11111111 · 111 11111111 1111111111 11 11111111111111111 mim

111 111 111 (11111111111111111111111111111 1111 111Ι 11111ηεί1111, 1111111111111111111111116111, 1111111

11111 1111111 1111111111 111 1111111111 11111111 111111 1111111 11.

1111111111 111111, 11111111, 111 1111111111 11111111

gu 1111111111 1111111111 11111, 111 111111 1111111111 ----

1111111111, §bre 11. 111. 1111111 3111111111111111111

111 1111 111 1111111111. ,1111111111 1111 1111111111 11111 ¹) ⁸¹⁸⁰· 1111151111·

111, 1111111111111111111111111111111111111111, 111 ’) ¹³⁰⁸· ⁹²¹'⁰⁸¹b¹'⁰⁶‘·

11 11111911111111311111111111 11111111 1111 1111111 *³ «1¹3¹.ss{Zfflfflssssssssnffl'130‘ffl‘ffieffnxffl'‘⁸

Catholici ad Imperatorem.

 

